

Crossings

Behind safe:
0,0,15.0,0.0,,50,10
4000,10000,5.0,270,,50,10

Behind violation (angle):
0,0,15.0,10.0,,50,10
17000,-4000,21.0,330.0,,50,10

Ahead safe (slow):
0,0,13.0,0.0,,50,10
-6000,17000,5.0,90,,50,10

Ahead safe (fast):
0,0,15.5,0.0,,50,10
-6000,17000,5.0,90,,50,10

Ahead safe (angle):
0,0,15.0,357.0,,50,10
-6000,17000,5.0,90,,50,10

Ahead violation:
0,0,15.0,0.0,,50,10
-6000,17000,5.0,90,,50,10



Overtaking

Port safe:
0,0,15.0,0,,50,10
-3000,-12000,20.0,3,,50,10

Port violation:
0,0,10.0,0,,50,10
-3000,-13000,20.0,6,,50,10

Starboard violation:
0,0,15.0,0,,50,10
1000,17000,5.0,354,,50,10

Starboard violation (false negatives):
0,0,15.0,0,,50,10
1000,17000,5.0,355,,50,10

Starboard safe (false positives):
0,0,15.0,0,,50,10
3000,16000,5.0,340,,50,10


Head on

Safe:
0,0,15.0,0,,50,10
-1000,17000,15.0,170,,50,10

Violation (actually also a collision):
0,0,15.0,0,,50,10
-3000,17000,15.0,160,,50,10


Multi
0,0,15.0,0,,50,10
3000,17000,17.0,200,,50,10
-2500,-18000,25.0,2.8,,50,10
-5000,15000,5.0,75.0,,50,10
8500,11000,10.0,275,,50,10





